3.0,0.0,1
2.99988608672,0.0261431962819,1
2.99954435553,0.0522844071923,1
2.99897483237,0.0784216475104,1
2.99817756051,0.104552932317,1
2.99715260048,0.130676277145,1
2.99590003013,0.156789698131,1
2.99441994458,0.182891212164,1
2.99271245623,0.208978837039,1
2.99077769475,0.235050591603,1
2.98861580706,0.261104495912,1
2.98622695735,0.287138571374,1
2.98361132704,0.313150840904,1
2.98076911475,0.339139329075,1
2.97770053634,0.365102062263,1
2.97440582484,0.391037068801,1
2.97088523045,0.41694237913,1
2.96713902053,0.442816025942,1
2.96316747959,0.468656044336,1
2.95897090923,0.494460471965,1
2.95454962814,0.520227349184,1
2.9499039721,0.545954719201,1
2.94503429389,0.571640628221,1
2.93994096333,0.597283125602,1
2.93462436723,0.622880263996,1
2.92908490933,0.648430099499,1
2.92332301032,0.673930691803,1
2.91733910776,0.699380104335,1
2.91113365609,0.724776404413,1
2.90470712656,0.750117663385,1
2.89806000722,0.77540195678,1
2.89119280286,0.800627364455,1
2.88410603499,0.825791970736,1
2.8768002418,0.850893864569,1
2.86927597811,0.87593113966,1
2.86153381533,0.900901894624,1
2.8535743414,0.925804233127,1
2.8453981608,0.950636264032,1
2.83700589444,0.975396101539,1
2.82839817965,1.00008186533,1
2.81957567011,1.02469168072,1
2.81053903582,1.04922367878,1
2.80128896306,1.0736759965,1
2.79182615428,1.09804677692,1
2.78215132811,1.12233416926,1
2.77226521929,1.14653632909,1
2.76216857858,1.17065141844,1
2.75186217275,1.19467760597,1
2.74134678448,1.21861306706,1
2.73062321235,1.24245598401,1
2.71969227071,1.26620454613,1
2.70855478969,1.28985694991,1
2.6972116151,1.31341139914,1
2.68566360835,1.33686610503,1
2.67391164644,1.36021928638,1
2.66195662183,1.3834691697,1
2.6497994424,1.40661398935,1
2.63744103142,1.42965198765,1
2.62488232739,1.45258141506,1
2.61212428405,1.47540053026,1
2.59916787028,1.49810760031,1
2.58601407002,1.52070090079,1
2.57266388219,1.54317871592,1
2.55911832064,1.56553933868,1
2.54537841405,1.58778107096,1
2.53144520585,1.60990222368,1
2.51731975416,1.63190111689,1
2.5030031317,1.65377607997,1
2.48849642572,1.67552545167,1
2.47380073787,1.6971475803,1
2.45891718418,1.71864082384,1
2.44384689494,1.74000355003,1
2.42859101462,1.76123413654,1
2.41315070178,1.78233097108,1
2.397527129,1.80329245151,1
2.38172148277,1.82411698597,1
2.3657349634,1.84480299299,1
2.34956878494,1.86534890163,1
2.33322417509,1.8857531516,1
2.31670237509,1.90601419335,1
2.30000463964,1.92613048822,1
2.28313223681,1.94610050852,1
2.26608644792,1.96592273769,1
2.24886856747,1.98559567038,1
2.23147990302,2.0051178126,1
2.21392177511,2.02448768178,1
2.19619551713,2.04370380695,1
2.17830247526,2.06276472877,1
2.16024400834,2.08166899973,1
2.14202148776,2.10041518419,1
2.12363629739,2.11900185852,1
2.10508983342,2.13742761122,1
2.08638350433,2.15569104299,1
2.06751873072,2.17379076687,1
2.0484969452,2.19172540832,1
2.02931959235,2.20949360535,1
2.00998812853,2.22709400861,1
1.99050402181,2.24452528147,1
1.97086875187,2.26178610017,1
1.95108380984,2.27887515388,1
1.93115069824,2.29579114484,1
1.91107093082,2.31253278839,1
1.89084603251,2.32909881314,1
1.8704775392,2.34548796103,1
1.84996699774,2.36169898744,1
1.82931596574,2.37773066125,1
1.80852601149,2.39358176501,1
1.78759871381,2.40925109492,1
1.76653566198,2.42473746104,1
1.74533845556,2.44003968729,1
1.72400870432,2.45515661159,1
1.7025480281,2.47008708592,1
1.68095805664,2.48482997644,1
1.65924042956,2.49938416353,1
1.63739679613,2.51374854192,1
1.6154288152,2.52792202075,1
1.59333815508,2.54190352365,1
1.57112649337,2.55569198884,1
1.54879551688,2.56928636919,1
1.52634692147,2.58268563231,1
1.50378241193,2.59588876063,1
1.48110370187,2.60889475148,1
1.45831251356,2.62170261716,1
1.4354105778,2.634311385,1
1.41239963382,2.64672009748,1
1.38928142912,2.65892781224,1
1.36605771936,2.67093360221,1
1.34273026818,2.68273655563,1
1.31930084712,2.69433577617,1
1.29577123548,2.70573038297,1
1.27214322013,2.71691951067,1
1.24841859545,2.72790230957,1
1.22459916312,2.73867794559,1
1.20068673206,2.74924560043,1
1.17668311822,2.75960447153,1
1.15259014448,2.76975377224,1
1.12840964054,2.77969273179,1
1.10414344269,2.78942059539,1
1.07979339378,2.79893662428,1
1.05536134299,2.80824009581,1
1.03084914576,2.81733030344,1
1.00625866358,2.82620655685,1
0.981591763924,2.83486818194,1
0.956850320039,2.84331452095,1
0.932036210849,2.85154493243,1
0.907151320789,2.85955879135,1
0.882197539674,2.86735548912,1
0.857176762548,2.87493443364,1
0.832090889543,2.88229504936,1
0.806941825736,2.88943677728,1
0.781731481002,2.89635907505,1
0.756461769868,2.90306141697,1
0.731134611373,2.90954329407,1
0.705751928917,2.91580421408,1
0.680315650115,2.92184370154,1
0.654827706654,2.92766129779,1
0.629290034145,2.93325656105,1
0.603704571973,2.93862906638,1
0.578073263157,2.94377840579,1
0.552398054191,2.94870418824,1
0.52668089491,2.95340603963,1
0.500923738329,2.95788360291,1
0.475128540503,2.96213653804,1
0.449297260377,2.96616452204,1
0.423431859634,2.96996724902,1
0.397534302549,2.97354443019,1
0.371606555839,2.97689579389,1
0.345650588515,2.98002108561,1
0.319668371729,2.98292006801,1
0.293661878628,2.98559252093,1
0.267633084201,2.98803824143,1
0.241583965132,2.99025704377,1
0.215516499649,2.99224875944,1
0.189432667371,2.9940132372,1
0.163334449162,2.99555034305,1
0.137223826977,2.99685996024,1
0.111102783715,2.99794198934,1
0.0849733030643,2.99879634816,1
0.0588373693552,2.99942297183,1
0.0326969674076,2.99982181276,1
0.00655408238075,2.99999284066,1
-0.0195893003775,2.99993604254,1
-0.0457311954813,2.99965142271,1
-0.0718696176582,2.99913900279,1
-0.0980025818991,2.99839882169,1
-0.12412810361,2.99743093563,1
-0.15024419876,2.99623541811,1
-0.176348884038,2.99481235991,1
-0.202440176995,2.99316186912,1
-0.228516096203,2.99128407106,1
-0.254574661398,2.98917910835,1
-0.280613893637,2.98684714083,1
-0.306631815443,2.98428834561,1
-0.332626450958,2.98150291701,1
-0.358595826092,2.97849106655,1
-0.384537968676,2.97525302296,1
-0.410450908604,2.97178903215,1
-0.436332677993,2.96809935718,1
-0.462181311324,2.96418427826,1
-0.487994845594,2.96004409269,1
-0.513771320469,2.9556791149,1
-0.539508778426,2.95108967637,1
-0.565205264906,2.94627612564,1
-0.590858828461,2.94123882825,1
-0.616467520905,2.93597816676,1
-0.642029397457,2.93049454065,1
-0.667542516891,2.92478836639,1
-0.693004941687,2.91886007729,1
-0.718414738171,2.91271012358,1
-0.743769976669,2.90633897228,1
-0.769068731647,2.89974710725,1
-0.794309081864,2.89293502908,1
-0.819489110511,2.88590325509,1
-0.844606905363,2.8786523193,1
-0.869660558918,2.87118277235,1
-0.894648168549,2.86349518151,1
-0.91956783664,2.85559013057,1
-0.944417670738,2.84746821987,1
-0.969195783692,2.83913006621,1
-0.993900293799,2.8305763028,1
-1.01852932494,2.82180757924,1
-1.04308100674,2.81282456143,1
-1.06755347469,2.80362793157,1
-1.09194487029,2.79421838808,1
-1.1162533412,2.78459664552,1
-1.1404770414,2.77476343461,1
-1.16461413127,2.76471950209,1
-1.1886627778,2.75446561072,1
-1.21262115468,2.74400253921,1
-1.23648744246,2.73333108215,1
-1.26025982867,2.72245204994,1
-1.283936508,2.71136626877,1
-1.30751568238,2.70007458051,1
-1.33099556115,2.68857784269,1
-1.35437436122,2.67687692838,1
-1.37765030713,2.66497272618,1
-1.40082163126,2.65286614012,1
-1.42388657393,2.6405580896,1
-1.44684338355,2.62804950933,1
-1.46969031671,2.61534134923,1
-1.49242563837,2.60243457438,1
-1.51504762197,2.58933016496,1
-1.53755454953,2.57602911614,1
-1.55994471184,2.56253243804,1
-1.58221640854,2.54884115561,1
-1.60436794826,2.53495630862,1
-1.62639764877,2.5208789515,1
-1.64830383708,2.50661015331,1
-1.67008484959,2.49215099767,1
-1.69173903221,2.47750258262,1
-1.71326474046,2.46266602061,1
-1.73466033964,2.44764243836,1
-1.75592420493,2.43243297679,1
-1.77705472148,2.41703879093,1
-1.79805028461,2.40146104986,1
-1.81890929987,2.38570093659,1
-1.83963018318,2.36975964796,1
-1.86021136095,2.35363839461,1
-1.8806512702,2.33733840081,1
-1.90094835868,2.32086090441,1
-1.92110108498,2.30420715677,1
-1.94110791866,2.28737842259,1
-1.96096734036,2.27037597988,1
-1.98067784191,2.25320111986,1
-2.00023792645,2.23585514682,1
-2.01964610855,2.21833937805,1
-2.03890091431,2.20065514373,1
-2.05800088147,2.18280378685,1
-2.07694455954,2.16478666307,1
-2.09573050989,2.14660514066,1
-2.11435730589,2.12826060035,1
-2.13282353297,2.10975443529,1
-2.15112778876,2.09108805085,1
-2.16926868321,2.07226286461,1
-2.18724483864,2.0532803062,1
-2.20505488992,2.03414181719,1
-2.2226974845,2.014848851,1
-2.24017128258,1.99540287278,1
-2.25747495715,1.9758053593,1
-2.27460719413,1.95605779885,1
-2.29156669246,1.93616169108,1
-2.30835216421,1.91611854696,1
-2.32496233464,1.8959298886,1
-2.34139594235,1.87559724918,1
-2.35765173933,1.8551221728,1
-2.37372849108,1.83450621439,1
-2.38962497669,1.81375093956,1
-2.40533998896,1.79285792452,1
-2.42087233444,1.77182875592,1
-2.43622083359,1.75066503078,1
-2.45138432079,1.7293683563,1
-2.46636164451,1.7079403498,1
-2.48115166733,1.68638263858,1
-2.49575326606,1.66469685977,1
-2.51016533183,1.64288466025,1
-2.52438677016,1.62094769646,1
-2.53841650103,1.59888763436,1
-2.55225345899,1.57670614924,1
-2.56589659325,1.5544049256,1
-2.57934486771,1.53198565706,1
-2.59259726107,1.50945004617,1
-2.60565276693,1.48679980434,1
-2.61851039382,1.46403665168,1
-2.6311691653,1.44116231688,1
-2.64362812003,1.41817853705,1
-2.65588631187,1.39508705765,1
-2.66794280989,1.37188963229,1
-2.67979669849,1.34858802262,1
-2.69144707747,1.32518399823,1
-2.70289306208,1.30167933647,1
-2.71413378307,1.27807582233,1
-2.7251683868,1.25437524832,1
-2.73599603528,1.2305794143,1
-2.74661590625,1.2066901274,1
-2.75702719319,1.18270920181,1
-2.76722910545,1.15863845869,1
-2.77722086828,1.13447972603,1
-2.78700172289,1.1102348385,1
-2.79657092648,1.08590563731,1
-2.80592775237,1.06149397007,1
-2.81507148996,1.03700169066,1
-2.82400144486,1.01243065907,1
-2.83271693892,0.987782741275,1
-2.84121731026,0.963059809102,1
-2.84950191333,0.93826374006,1
-2.857570119,0.913396417218,1
-2.86542131455,0.888459729053,1
-2.87305490373,0.863455569313,1
-2.88047030683,0.838385836869,1
-2.88766696072,0.81325243557,1
-2.89464431886,0.788057274102,1
-2.90140185139,0.76280226584,1
-2.9079390451,0.737489328706,1
-2.91425540357,0.712120385019,1
-2.92035044711,0.686697361352,1
-2.92622371284,0.661222188385,1
-2.93187475474,0.635696800759,1
-2.93730314367,0.610123136927,1
-2.94250846736,0.584503139009,1
-2.94749033053,0.558838752645,1
-2.95224835483,0.533131926843,1
-2.95678217893,0.507384613836,1
-2.96109145853,0.481598768932,1
-2.96517586636,0.455776350363,1
-2.96903509225,0.429919319142,1
-2.97266884312,0.404029638907,1
-2.97607684302,0.378109275777,1
-2.97925883313,0.352160198202,1
-2.98221457181,0.326184376811,1
-2.98494383459,0.300183784265,1
-2.98744641421,0.274160395106,1
-2.98972212061,0.248116185606,1
-2.99177078097,0.222053133621,1
-2.99359223971,0.195973218435,1
-2.99518635851,0.169878420614,1
-2.99655301631,0.143770721854,1
-2.99769210931,0.117652104831,1
-2.99860355102,0.0915245530497,1
-2.99928727221,0.0653900506937,1
-2.99974322097,0.0392505824742,1
-2.99997136267,0.0131081334796,1
-2.99997167998,-0.0130353109754,1
-2.99974417287,-0.0391777655003,1
-2.99928885864,-0.06531724478,1
-2.99860577184,-0.0914517637252,1
-2.99769496436,-0.117579337623,1
-2.99655650537,-0.14369798229,1
-2.99519048132,-0.169805714217,1
-2.99359699596,-0.195900550726,1
-2.99177617029,-0.221980510119,1
-2.9897281426,-0.248043611827,1
-2.98745306841,-0.27408787656,1
-2.98495112049,-0.300111326461,1
-2.98222248886,-0.32611198525,1
-2.97926738073,-0.352087878382,1
-2.97608602052,-0.378037033191,1
-2.97267864983,-0.40395747904,1
-2.96904552741,-0.429847247474,1
-2.96518692918,-0.455704372369,1
-2.96110314818,-0.481526890076,1
-2.95679449452,-0.507312839578,1
-2.95226129541,-0.533060262633,1
-2.94750389513,-0.558767203925,1
-2.94252265496,-0.584431711214,1
-2.93731795317,-0.61005183548,1
-2.93189018504,-0.635625631075,1
-2.92623976275,-0.66115115587,1
-2.92036711541,-0.686626471399,1
-2.91427268901,-0.712049643012,1
-2.90795694636,-0.737418740017,1
-2.9014203671,-0.762731835831,1
-2.89466344763,-0.78798700812,1
-2.88768670108,-0.813182338952,1
-2.88049065729,-0.838315914938,1
-2.87307586274,-0.863385827379,1
-2.86544288053,-0.888390172413,1
-2.85759229031,-0.913327051153,1
-2.84952468828,-0.938194569839,1
-2.84124068712,-0.962990839977,1
-2.83274091592,-0.987713978484,1
-2.82402602018,-1.01236210783,1
-2.81509666172,-1.03693335618,1
-2.80595351867,-1.06142585755,1
-2.79659728537,-1.08583775192,1
-2.78702867235,-1.11016718539,1
-2.77724840628,-1.13441231033,1
-2.76725722989,-1.15857128552,1
-2.75705590193,-1.18264227628,1
-2.74664519711,-1.20662345459,1
-2.73602590605,-1.23051299928,1
-2.7251988352,-1.25430909612,1
-2.71416480679,-1.27800993799,1
-2.70292465876,-1.30161372498,1
-2.69147924472,-1.32511866458,1
-2.67982943387,-1.34852297177,1
-2.6679761109,-1.37182486917,1
-2.65592017599,-1.3950225872,1
-2.64366254469,-1.41811436415,1
-2.63120414787,-1.4410984464,1
-2.61854593166,-1.46397308848,1
-2.60568885734,-1.48673655325,1
-2.5926339013,-1.50938711198,1
-2.57938205498,-1.53192304456,1
-2.56593432474,-1.55434263955,1
-2.55229173184,-1.57664419436,1
-2.53845531231,-1.59882601536,1
-2.52442611694,-1.62088641801,1
-2.51020521113,-1.64282372701,1
-2.49579367484,-1.66463627637,1
-2.48119260252,-1.68632240962,1
-2.46640310301,-1.70788047986,1
-2.45142629945,-1.72930884991,1
-2.43626332921,-1.75060589247,1
-2.42091534381,-1.77176999018,1
-2.4053835088,-1.79279953581,1
-2.3896690037,-1.81369293232,1
-2.37377302192,-1.83444859302,1
-2.35769677061,-1.85506494168,1
-2.34144147066,-1.87554041265,1
-2.32500835652,-1.89587345098,1
-2.30839867615,-1.91606251253,1
-2.29161369095,-1.9361060641,1
-2.27465467558,-1.95600258355,1
-2.25752291797,-1.97575055988,1
-2.24021971912,-1.99534849338,1
-2.22274639309,-2.01479489576,1
-2.20510426684,-2.03408829021,1
-2.18729468014,-2.05322721154,1
-2.1693189855,-2.07221020631,1
-2.15117854803,-2.0910358329,1
-2.13287474536,-2.10970266166,1
-2.11440896751,-2.12820927498,1
-2.09578261683,-2.14655426743,1
-2.07699710782,-2.16473624585,1
-2.05805386711,-2.18275382947,1
-2.03895433329,-2.20060564999,1
-2.01969995681,-2.2182903517,1
-2.0002921999,-2.23580659159,1
-1.98073253643,-2.25315303944,1
-1.96102245179,-2.27032837791,1
-1.94116344282,-2.28733130268,1
-1.92115701766,-2.30416052251,1
-1.90100469562,-2.32081475935,1
-1.88070800713,-2.33729274844,1
-1.86026849356,-2.3535932384,1
-1.83968770713,-2.36971499135,1
-1.81896721079,-2.38565678295,1
-1.79810857811,-2.40141740256,1
-1.77711339312,-2.41699565328,1
-1.75598325026,-2.43239035207,1
-1.73471975418,-2.4476003298,1
-1.71332451969,-2.46262443142,1
-1.6917991716,-2.47746151595,1
-1.67014534457,-2.49211045663,1
-1.64836468305,-2.50657014099,1
-1.62645884111,-2.52083947093,1
-1.60442948232,-2.53491736281,1
-1.58227827966,-2.54880274751,1
-1.56000691532,-2.56249457056,1
-1.53761708064,-2.57599179217,1
-1.51511047595,-2.58929338733,1
-1.49248881047,-2.60239834588,1
-1.46975380211,-2.61530567261,1
-1.44690717744,-2.6280143873,1
-1.42395067147,-2.64052352484,1
-1.40088602758,-2.65283213524,1
-1.37771499733,-2.66493928376,1
-1.35443934039,-2.67684405097,1
-1.33106082437,-2.68854553278,1
-1.30758122468,-2.70004284056,1
-1.2840023244,-2.71133510119,1
-1.26032591419,-2.72242145709,1
-1.23655379206,-2.73330106636,1
-1.21268776334,-2.74397310276,1
-1.18872964045,-2.75443675584,1
-1.16468124283,-2.76469123097,1
-1.14054439678,-2.7747357494,1
-1.11632093528,-2.78456954832,1
-1.09201269793,-2.79419188095,1
-1.06762153075,-2.80360201653,1
-1.04314928606,-2.81279924044,1
-1.01859782232,-2.82178285422,1
-0.993969004043,-2.83055217564,1
-0.969264701581,-2.83910653873,1
-0.944486791038,-2.84744529387,1
-0.919637154102,-2.85556780777,1
-0.894717677908,-2.86347346362,1
-0.869730254897,-2.87116166102,1
-0.844676782667,-2.87863181613,1
-0.819559163835,-2.88588336164,1
-0.794379305888,-2.89291574685,1
-0.769139121037,-2.89972843771,1
-0.74384052608,-2.90632091686,1
-0.718485442246,-2.91269268363,1
-0.693075795055,-2.91884325415,1
-0.667613514173,-2.92477216133,1
-0.64210053326,-2.93047895491,1
-0.616538789827,-2.93596320151,1
-0.590930225091,-2.94122448464,1
-0.56527678382,-2.94626240476,1
-0.539580414194,-2.95107657925,1
-0.51384306765,-2.95566664254,1
-0.48806669874,-2.96003224604,1
-0.462253264978,-2.96417305821,1
-0.436404726691,-2.9680887646,1
-0.410523046875,-2.97177906783,1
-0.38461019104,-2.97524368766,1
-0.358668127066,-2.97848236097,1
-0.33269882505,-2.98149484182,1
-0.306704257157,-2.98428090143,1
-0.280686397472,-2.98684032822,1
-0.254647221848,-2.98917292782,1
-0.228588707757,-2.99127852309,1
-0.20251283414,-2.99315695412,1
-0.176421581254,-2.99480807827,1
-0.150316930528,-2.99623177014,1
-0.124200864406,-2.99742792162,1
-0.0980753661981,-2.99839644186,1
-0.0719424199323,-2.99913725731,1
-0.0458040102019,-2.99965031173,1
-0.0196621220146,-2.99993556613,1
0.00648125935712,-2.99999299887,1
0.0326241485279,-2.99982260558,1
0.0587645601494,-2.99942439919,1
0.0849005090617,-2.99879840996,1
0.111030010444,-2.99794468541,1
0.137151079964,-2.99686329039,1
0.163261733931,-2.99555430701,1
0.189359989444,-2.99401783468,1
0.215443864546,-2.99225399009,1
0.24151137837,-2.99026290719,1
0.267560551291,-2.98804473718,1
0.293589405079,-2.98559964852,1
0.319595963045,-2.98292782689,1
0.345578250194,-2.98002947519,1
0.371534293375,-2.97690481353,1
0.397462121429,-2.97355407922,1
0.42335976534,-2.9699775267,1
0.449225258385,-2.96617542759,1
0.47505663628,-2.96214807063,1
0.500851937336,-2.95789576166,1
0.526609202599,-2.95341882362,1
0.552326476008,-2.9487175965,1
0.578001804536,-2.94379243731,1
0.603633238343,-2.93864372008,1
0.629218830921,-2.93327183582,1
0.654756639244,-2.92767719248,1
0.680244723916,-2.92186021493,1
0.705681149315,-2.91582134492,1
0.731063983745,-2.90956104106,1
0.756391299576,-2.90307977877,1
0.781661173397,-2.89637805026,1
0.806871686159,-2.88945636445,1
0.83202092332,-2.88231524701,1
0.857106974991,-2.87495524025,1
0.882127936084,-2.86737690309,1
0.907081906452,-2.85958081106,1
0.931966991036,-2.85156755621,1
0.956781300008,-2.84333774708,1
0.981522948914,-2.83489200866,1
1.00619005882,-2.82623098234,1
1.03078075645,-2.81735532586,1
1.05529317434,-2.80826571325,1
1.07972545096,-2.79896283479,1
1.10407573086,-2.78944739698,1
1.12834216483,-2.77972012243,1
1.15252291004,-2.76978174986,1
1.17661613013,-2.759633034,1
1.20061999542,-2.74927474556,1
1.224532683,-2.73870767119,1
1.24835237689,-2.72793261337,1
1.27207726817,-2.71695039038,1
1.29570555512,-2.70576183624,1
1.31923544336,-2.69436780062,1
1.34266514597,-2.68276914881,1
1.36599288365,-2.67096676165,1
1.38921688484,-2.65896153543,1
1.41233538586,-2.64675438185,1
1.43534663105,-2.63434622795,1
1.45824887287,-2.62173801604,1
1.48104037209,-2.60893070361,1
1.50371939785,-2.59592526328,1
1.52628422788,-2.5827226827,1
1.54873314854,-2.56932396451,1
1.57106445502,-2.55573012624,1
1.59327645143,-2.54194220023,1
1.61536745094,-2.52796123357,1
1.63733577591,-2.51378828801,1
1.65917975802,-2.49942443986,1
1.6808977384,-2.48487077995,1
1.70248806772,-2.47012841352,1
1.72394910637,-2.45519846014,1
1.74527922455,-2.44008205361,1
1.76647680241,-2.42478034191,1
1.78754023016,-2.40929448709,1
1.8084679082,-2.39362566518,1
1.82925824722,-2.3777750661,1
1.84990966838,-2.36174389358,1
1.87042060334,-2.34553336506,1
1.89078949448,-2.3291447116,1
1.91101479492,-2.3125791778,1
1.93109496872,-2.29583802168,1
1.95102849094,-2.2789225146,1
1.97081384779,-2.26183394115,1
1.99044953673,-2.24457359909,1
2.00993406657,-2.2271427992,1
2.02926595763,-2.20954286521,1
2.04844374178,-2.19177513371,1
2.06746596264,-2.17384095401,1
2.08633117561,-2.15574168806,1
2.10503794803,-2.13747871038,1
2.12358485926,-2.11905340789,1
2.14197050082,-2.10046717985,1
2.16019347644,-2.08172143774,1
2.17825240225,-2.06281760514,1
2.1961459068,-2.04375711767,1
2.21387263124,-2.02454142281,1
2.23143122934,-2.00517197984,1
2.24882036767,-1.98565025973,1
2.26603872566,-1.96597774499,1
2.28308499572,-1.9461559296,1
2.2999578833,-1.92618631888,1
2.31665610706,-1.90607042935,1
2.33317839888,-1.88580978866,1
2.34952350403,-1.86540593545,1
2.36569018122,-1.84486041924,1
2.38167720273,-1.82417480029,1
2.39748335446,-1.80335064951,1
2.41310743606,-1.78238954834,1
2.428548261,-1.76129308861,1
2.44380465668,-1.74006287243,1
2.45887546448,-1.71870051207,1
2.4737595399,-1.69720762983,1
2.48845575261,-1.67558585793,1
2.50296298655,-1.65383683838,1
2.51728014,-1.63196222284,1
2.53140612569,-1.60996367251,1
2.54533987086,-1.58784285803,1
2.55908031736,-1.56560145928,1
2.5726264217,-1.54324116533,1
2.58597715516,-1.52076367428,1
2.59913150385,-1.4981706931,1
2.61208846882,-1.47546393757,1
2.62484706607,-1.45264513207,1
2.6374063267,-1.42971600953,1
2.64976529692,-1.40667831122,1
2.66192303816,-1.38353378669,1
2.67387862715,-1.36028419357,1
2.68563115594,-1.3369312975,1
2.69717973203,-1.31347687194,1
2.70852347839,-1.28992269807,1
2.71966153355,-1.26627056465,1
2.73059305167,-1.24252226788,1
2.74131720258,-1.21867961124,1
2.75183317186,-1.19474440541,1
2.76214016091,-1.17071846808,1
2.77223738699,-1.14660362382,1
2.7821240833,-1.12240170398,1
2.79179949903,-1.0981145465,1
2.80126289939,-1.07374399579,1
2.81051356572,-1.04929190262,1
2.8195507955,-1.02476012392,1
2.82837390243,-1.0001505227,1
2.83698221645,-0.975464967863,1
2.84537508384,-0.950705334081,1
2.85355186722,-0.925873501655,1
2.86151194563,-0.90097135637,1
2.86925471457,-0.87600078935,1
2.87677958602,-0.850963696913,1
2.88408598854,-0.825861980432,1
2.89117336726,-0.800697546185,1
2.89804118395,-0.775472305215,1
2.90468891705,-0.750188173182,1
2.91111606172,-0.724847070218,1
2.91732212987,-0.699450920781,1
2.92330665019,-0.674001653512,1
2.92906916822,-0.648501201083,1
2.93460924632,-0.622951500053,1
2.93992646378,-0.597354490724,1
2.94502041679,-0.571712116989,1
2.9498907185,-0.546026326184,1
2.95453699907,-0.520299068946,1
2.95895890563,-0.494532299059,1
2.96315610237,-0.468727973306,1
2.96712827057,-0.442888051326,1
2.97087510855,-0.417014495459,1
2.97439633177,-0.391109270599,1
2.97769167283,-0.365174344045,1
2.98076088147,-0.339211685352,1
2.98360372461,-0.313223266182,1
2.98621998636,-0.287211060152,1
2.98860946803,-0.261177042686,1
2.99077198815,-0.235123190864,1
2.99270738251,-0.209051483272,1
2.99441550413,-0.182963899854,1
2.99589622328,-0.156862421756,1
2.99714942751,-0.130749031183,1
2.99817502167,-0.104625711243,1
2.99897292785,-0.0784944457974,1
2.99954308547,-0.0523572193119,1